> # 1. Hallaskog 55.9878889, 13.4999167
> AL1=flakeR("AniaL1", 55.9878889, 13.4999167, 2, 1)
 End of calculation, number of time steps:      4384.
 Results are written to:  AniaL1.rslt                   
> with(AL1,tapply(Ts,month,mean)) 	### average temperature for each MONTH
        1         2         3         4         5         6         7         8         9        10        11        12 
 1.395292  1.490182  3.330119  8.531449 13.785046 16.816232 18.825298 18.123285 14.332985  9.253208  4.937649  2.302184 
> AL1$week = format(strptime(time.string, "%Y-%m-%d"),"%W")
> with(AL1,tapply(Ts,week,mean)) 	### average temperature for each WEEK
        00         01         02         03         04         05         06         07         08         09         10         11         12 
 0.7271054  1.4970252  1.7473033  1.6242474  1.1883153  1.4115231  1.5336377  1.3348257  1.7024139  2.0677558  2.5823311  3.7704793  3.9856242 
        13         14         15         16         17         18         19         20         21         22         23         24         25 
 5.7819756  7.1033393  8.3042012  9.5002661 11.1783780 12.5300494 13.4904762 14.2179464 15.1925179 16.1016786 16.1517321 16.8427976 17.4505893 
        26         27         28         29         30         31         32         33         34         35         36         37         38 
17.8636607 18.6846488 18.7679762 18.9553214 19.5611786 19.3857500 18.4881488 17.8552798 17.1112321 15.9182560 15.7317619 13.9719762 13.1007875 
        39         40         41         42         43         44         45         46         47         48         49         50         51 
12.2593107 10.5477375  9.2865012  8.2249161  7.8549024  6.8619702  5.8671173  4.4066877  3.4630358  3.3872885  3.1227695  2.5784548  1.2792803 
        52         53 
 1.1985160  1.0783500 
>
>
>
> 
> # 2. Midsjovannet 59.7278889, 10.8837778
> AL2=flakeR("AniaL2", 59.7278889, 10.8837778, 2, 1)
 End of calculation, number of time steps:      4384.
 Results are written to:  AniaL2.rslt                   
> with(AL2,tapply(Ts,month,mean)) 
          1           2           3           4           5           6           7           8           9          10          11 
 0.04463199  0.00000000  0.00000000  1.18692487 11.85613523 16.72076667 18.27225000 16.92963844 11.88605444  5.16621374  0.59335422 
         12 
 0.09295919 
> AL2$week = format(strptime(time.string, "%Y-%m-%d"),"%W")
> with(AL2,tapply(Ts,week,mean))
         00          01          02          03          04          05          06          07          08          09          10 
 0.26618205  0.07513409  0.00000000  0.00000000  0.00000000  0.00000000  0.00000000  0.00000000  0.00000000  0.00000000  0.00000000 
         11          12          13          14          15          16          17          18          19          20          21 
 0.00000000  0.00000000  0.00000000  0.00000000  0.15064210  1.90706892  5.04500646  8.91020476 12.11700405 13.40311845 13.85601786 
         22          23          24          25          26          27          28          29          30          31          32 
15.84728571 16.47277381 16.76206548 17.02044048 17.64882143 18.38487500 18.45432143 17.93607143 18.66057143 18.41605952 17.62350595 
         33          34          35          36          37          38          39          40          41          42          43 
16.60985714 15.49941667 13.93791667 13.20010298 11.96857679 10.48861667  9.13415655  7.07468750  5.49320440  3.79170333  2.72858804 
         44          45          46          47          48          49          50          51          52          53 
 1.51080738  0.70365286  0.36441042  0.25751071  0.21055060  0.18424762  0.12905298  0.01795797  0.00000000  0.00000000 
>
>
>
> 
> # 3. Vik 59.7368056, 11.0233611
> AL3=flakeR("AniaL3", 59.7368056, 11.0233611, 2, 1)
 End of calculation, number of time steps:      4384.
 Results are written to:  AniaL3.rslt                   
> with(AL3,tapply(Ts,month,mean)) 
          1           2           3           4           5           6           7           8           9          10          11 
 0.04463199  0.00000000  0.00000000  1.18692028 11.85613500 16.72076667 18.27225000 16.92963844 11.88605444  5.16621372  0.59335423 
         12 
 0.09295919 
> AL3$week = format(strptime(time.string, "%Y-%m-%d"),"%W")
> with(AL3,tapply(Ts,week,mean))
         00          01          02          03          04          05          06          07          08          09          10 
 0.26618205  0.07513409  0.00000000  0.00000000  0.00000000  0.00000000  0.00000000  0.00000000  0.00000000  0.00000000  0.00000000 
         11          12          13          14          15          16          17          18          19          20          21 
 0.00000000  0.00000000  0.00000000  0.00000000  0.15064210  1.90705880  5.04499586  8.91020417 12.11700470 13.40311845 13.85601786 
         22          23          24          25          26          27          28          29          30          31          32 
15.84728571 16.47277381 16.76206548 17.02044048 17.64882143 18.38487500 18.45432143 17.93607143 18.66057143 18.41605952 17.62350595 
         33          34          35          36          37          38          39          40          41          42          43 
16.60985714 15.49941667 13.93791667 13.20010298 11.96857679 10.48861667  9.13415655  7.07468750  5.49320440  3.79170333  2.72858798 
         44          45          46          47          48          49          50          51          52          53 
 1.51080738  0.70365283  0.36441048  0.25751071  0.21055060  0.18424762  0.12905298  0.01795797  0.00000000  0.00000000 
>
>
>
> 
> # 4. Roa 60.2707778, 10.6283611
> AL4=flakeR("AniaL4", 60.2707778, 10.6283611, 2, 1)
 End of calculation, number of time steps:      4384.
 Results are written to:  AniaL4.rslt                   
> with(AL4,tapply(Ts,month,mean)) 
          1           2           3           4           5           6           7           8           9          10          11          12 
 0.04463199  0.00000000  0.00000000  1.18666070 11.85606149 16.72076667 18.27225000 16.92963844 11.88605431  5.16621272  0.59335347  0.09295900 
> AL4$week = format(strptime(time.string, "%Y-%m-%d"),"%W")
> with(AL4,tapply(Ts,week,mean)) 
         00          01          02          03          04          05          06          07          08          09          10          11          12          13 
 0.26618205  0.07513409  0.00000000  0.00000000  0.00000000  0.00000000  0.00000000  0.00000000  0.00000000  0.00000000  0.00000000  0.00000000  0.00000000  0.00000000 
         14          15          16          17          18          19          20          21          22          23          24          25          26          27 
 0.00000000  0.15064210  1.90642070  5.04441592  8.91001905 12.11697518 13.40311310 13.85601786 15.84728571 16.47277381 16.76206548 17.02044048 17.64882143 18.38487500 
         28          29          30          31          32          33          34          35          36          37          38          39          40          41 
18.45432143 17.93607143 18.66057143 18.41605952 17.62350595 16.60985714 15.49941667 13.93791667 13.20010298 11.96857679 10.48861667  9.13415595  7.07468750  5.49320440 
         42          43          44          45          46          47          48          49          50          51          52          53 
 3.79170143  2.72858571  1.51080548  0.70364667  0.36441440  0.25751071  0.21055179  0.18424762  0.12905179  0.01795770  0.00000000  0.00000000 
>
>
>
> 
> # 5. Jarenvatnet 60.3893333, 10.5525556
> AL5=flakeR("AniaL5", 60.3893333, 10.5525556, 2, 1)
 End of calculation, number of time steps:      4384.
 Results are written to:  AniaL5.rslt                   
> with(AL5,tapply(Ts,month,mean))
          1           2           3           4           5           6           7           8           9          10          11          12 
 0.04463199  0.00000000  0.00000000  1.18660556 11.85604402 16.72076667 18.27225000 16.92963844 11.88605417  5.16621239  0.59335301  0.09295898 
> AL5$week = format(strptime(time.string, "%Y-%m-%d"),"%W")
> with(AL5,tapply(Ts,week,mean)) 
         00          01          02          03          04          05          06          07          08          09          10          11          12          13 
 0.26618205  0.07513409  0.00000000  0.00000000  0.00000000  0.00000000  0.00000000  0.00000000  0.00000000  0.00000000  0.00000000  0.00000000  0.00000000  0.00000000 
         14          15          16          17          18          19          20          21          22          23          24          25          26          27 
 0.00000000  0.15064210  1.90628439  5.04429449  8.90998869 12.11696744 13.40310119 13.85601190 15.84728571 16.47277381 16.76206548 17.02044048 17.64882143 18.38487500 
         28          29          30          31          32          33          34          35          36          37          38          39          40          41 
18.45432143 17.93607143 18.66057143 18.41605952 17.62350595 16.60985714 15.49941667 13.93791667 13.20010298 11.96857679 10.48861667  9.13415536  7.07468750  5.49320440 
         42          43          44          45          46          47          48          49          50          51          52          53 
 3.79170137  2.72858488  1.51080470  0.70364462  0.36441470  0.25751071  0.21055179  0.18424762  0.12905179  0.01795761  0.00000000  0.00000000 
>
>
>
> 
> # 6. Boverbru 60.6988889, 10.7343333
> AL6=flakeR("AniaL6", 60.6988889, 10.7343333, 2, 1)
 End of calculation, number of time steps:      4384.
 Results are written to:  AniaL6.rslt                   
> with(AL6,tapply(Ts,month,mean)) 
          1           2           3           4           5           6           7           8           9          10          11          12 
 0.04463199  0.00000000  0.00000000  1.18646445 11.85600522 16.72076667 18.27225000 16.92963844 11.88605417  5.16621204  0.59335242  0.09295869 
> AL6$week = format(strptime(time.string, "%Y-%m-%d"),"%W")
> with(AL6,tapply(Ts,week,mean))
         00          01          02          03          04          05          06          07          08          09          10          11          12          13 
 0.26618205  0.07513409  0.00000000  0.00000000  0.00000000  0.00000000  0.00000000  0.00000000  0.00000000  0.00000000  0.00000000  0.00000000  0.00000000  0.00000000 
         14          15          16          17          18          19          20          21          22          23          24          25          26          27 
 0.00000000  0.15064210  1.90593737  5.04398247  8.90988155 12.11696298 13.40309524 13.85601190 15.84728571 16.47277381 16.76206548 17.02044048 17.64882143 18.38487500 
         28          29          30          31          32          33          34          35          36          37          38          39          40          41 
18.45432143 17.93607143 18.66057143 18.41605952 17.62350595 16.60985714 15.49941667 13.93791667 13.20010298 11.96857679 10.48861667  9.13415536  7.07468750  5.49320381 
         42          43          44          45          46          47          48          49          50          51          52          53 
 3.79170143  2.72858429  1.51080250  0.70364126  0.36441732  0.25751071  0.21055179  0.18424762  0.12905060  0.01795752  0.00000000  0.00000000 
>
>
>
>
> # 7. Drzewiczka 51.4506289, 20.4850039
> AL7=flakeR("AniaL7", 51.4506289, 20.4850039, 2, 1)
 End of calculation, number of time steps:      4384.
 Results are written to:  AniaL7.rslt                   
> with(AL7,tapply(Ts,month,mean)) 
         1          2          3          4          5          6          7          8          9         10         11         12 
 0.3696014  0.2697209  2.1881811  9.3691834 15.8591358 18.5725986 20.0744677 19.3126089 14.2013118  8.6527246  3.2576785  0.6231118 
> AL7$week = format(strptime(time.string, "%Y-%m-%d"),"%W")
> with(AL7,tapply(Ts,week,mean))
          00           01           02           03           04           05           06           07           08           09           10           11           12 
 0.251015385  0.435322976  0.555097202  0.387790179  0.150852857  0.006271667  0.278433881  0.323768929  0.642225744  1.225470381  1.688851190  1.844167292  2.915497173 
          13           14           15           16           17           18           19           20           21           22           23           24           25 
 4.965615476  7.136386708  9.304735685 11.139633333 13.272701786 15.125797619 15.515523810 15.919744048 16.854922619 17.887964286 18.525928571 18.717178571 18.853369048 
          26           27           28           29           30           31           32           33           34           35           36           37           38 
19.468095238 19.558851190 19.830815476 20.457279762 20.873315476 20.359672619 19.102833333 19.295333333 18.681309524 16.816922619 15.514202381 13.912823214 12.595382738 
          39           40           41           42           43           44           45           46           47           48           49           50           51 
11.896092262 10.607137500  8.993084524  7.385122619  6.559885714  5.102476190  4.016937381  2.873956012  1.881560857  1.452162893  0.826997024  0.562967483  0.273230792 
          52           53 
 0.072292083  0.000000000 
>
>
>
>
> # 8. Zapadlisko 50.1599961, 19.0055508
> AL8=flakeR("AniaL8", 50.1599961, 19.0055508, 2, 1)
 End of calculation, number of time steps:      4384.
 Results are written to:  AniaL8.rslt                   
> with(AL8,tapply(Ts,month,mean)) 
          1           2           3           4           5           6           7           8           9          10          11          12 
 0.14512829  0.08205666  0.70312573  8.41721122 15.46038306 17.96829583 18.97337500 18.85085887 13.77714611  8.39902500  2.86020135  0.32524635 
> AL8$week = format(strptime(time.string, "%Y-%m-%d"),"%W")
> with(AL8,tapply(Ts,week,mean))
          00           01           02           03           04           05           06           07           08           09           10           11           12 
 0.247856410  0.196800595  0.139597202  0.108653274  0.086039167  0.000000000  0.007017321  0.111883833  0.145931071  0.273000000  0.475001131  0.625884167  1.149891071 
          13           14           15           16           17           18           19           20           21           22           23           24           25 
 2.772437804  5.743064107  8.363470065 10.688050595 12.923107143 14.563595238 15.217583333 15.605416667 16.414660714 17.138797619 17.837077381 18.278744048 18.376255952 
          26           27           28           29           30           31           32           33           34           35           36           37           38 
18.702208333 18.573059524 18.692589286 19.305047619 19.486583333 19.660904762 18.883601190 18.949857143 18.183892857 16.582833333 15.117982143 13.397298810 12.156548214 
          39           40           41           42           43           44           45           46           47           48           49           50           51 
11.463336905 10.398007143  8.760031548  7.049796429  6.303279762  5.099576190  3.741775536  2.199327560  1.246174702  1.108153620  0.414102798  0.208753631  0.043861310 
          52           53 
 0.000000000  0.000000000 
> 
>
>
>
> # 9. Zajaczek 51.5981461, 19.1486108
> AL9=flakeR("AniaL9", 51.5981461, 19.1486108, 2, 1)
 End of calculation, number of time steps:      4384.
 Results are written to:  AniaL9.rslt                   
> with(AL9,tapply(Ts,month,mean)) 
         1          2          3          4          5          6          7          8          9         10         11         12 
 0.4237934  0.4152915  2.7233019  9.4956593 15.9452851 18.5118056 19.8974556 19.3662957 14.2868112  8.8389774  3.4189568  0.7017811 
> AL9$week = format(strptime(time.string, "%Y-%m-%d"),"%W")
> with(AL9,tapply(Ts,week,mean))
         00          01          02          03          04          05          06          07          08          09          10          11          12          13 
 0.26462821  0.52687958  0.69347798  0.39541779  0.14825125  0.08642018  0.55790060  0.47132583  0.71141276  1.71818016  2.33849643  2.51345959  3.38483631  5.19993149 
         14          15          16          17          18          19          20          21          22          23          24          25          26          27 
 7.58032598  9.14403588 11.16745595 13.48208750 15.17664286 15.64788750 15.95437500 16.89712500 17.92917262 18.38173214 18.72210119 18.78105357 19.27173810 19.31497024 
         28          29          30          31          32          33          34          35          36          37          38          39          40          41 
19.66262500 20.32016667 20.69289286 20.44476786 19.28922619 19.30920238 18.69190476 16.82288095 15.57583929 13.95813512 12.75297262 12.04802917 10.70848095  9.14316369 
         42          43          44          45          46          47          48          49          50          51          52          53 
 7.55254643  6.84697440  5.40918155  4.31474964  2.92403351  1.92197787  1.58731565  0.99451839  0.71234735  0.24516262  0.05252865  0.00000000 
> 
>
>
>
> # 10. Zeslawice 50.1070200, 20.0324997
> AL10=flakeR("AniaL10", 50.1070200, 20.0324997, 2, 1)
 End of calculation, number of time steps:      4384.
 Results are written to:  AniaL10.rslt                  
> with(AL10,tapply(Ts,month,mean)) 
          1           2           3           4           5           6           7           8           9          10          11          12 
 0.14512829  0.08205655  0.70312586  8.41721108 15.46038306 17.96829583 18.97337500 18.85085887 13.77714611  8.39902500  2.86020137  0.32524740 
> AL10$week = format(strptime(time.string, "%Y-%m-%d"),"%W")
> with(AL10,tapply(Ts,week,mean))
         00          01          02          03          04          05          06          07          08          09          10          11          12          13 
 0.24785641  0.19680060  0.13959720  0.10865327  0.08603917  0.00000000  0.00701750  0.11188324  0.14593107  0.27300000  0.47500113  0.62588417  1.14989107  2.77243840 
         14          15          16          17          18          19          20          21          22          23          24          25          26          27 
 5.74306411  8.36346947 10.68805060 12.92310714 14.56359524 15.21758333 15.60541667 16.41466071 17.13879762 17.83707738 18.27874405 18.37625595 18.70220833 18.57305952 
         28          29          30          31          32          33          34          35          36          37          38          39          40          41 
18.69258929 19.30504762 19.48658333 19.66090476 18.88360119 18.94985714 18.18389286 16.58283333 15.11798214 13.39729881 12.15654821 11.46333690 10.39800714  8.76003155 
         42          43          44          45          46          47          48          49          50          51          52          53 
 7.04979643  6.30327976  5.09957619  3.74177565  2.19932756  1.24617470  1.10815410  0.41410702  0.20875363  0.04386125  0.00000000  0.00000000 
>
>
>
>
> # 11. OEIRAS 37.6269300, 7.8101997
> AL11=flakeR("AniaL11", 37.6269300, 7.8101997, 2, 1)
 End of calculation, number of time steps:      4384.
 Results are written to:  AniaL11.rslt                  
> with(AL11,tapply(Ts,month,mean)) 
       1        2        3        4        5        6        7        8        9       10       11       12 
11.02689 12.10761 15.13799 17.76882 21.07651 24.42685 26.59167 26.77849 23.71955 20.26288 15.38306 11.89106 
> AL11$week = format(strptime(time.string, "%Y-%m-%d"),"%W")
> with(AL11,tapply(Ts,week,mean))
      00       01       02       03       04       05       06       07       08       09       10       11       12       13       14       15       16       17 
10.50255 10.65410 11.12916 11.38807 11.26898 11.44269 11.88019 12.19036 13.08543 13.57281 14.62541 15.52884 15.82603 16.47642 17.56590 17.28285 18.18356 19.49260 
      18       19       20       21       22       23       24       25       26       27       28       29       30       31       32       33       34       35 
19.64397 20.75091 21.70248 22.15458 23.35377 23.51241 24.35987 25.40712 26.60524 26.54470 25.96232 26.61558 27.08254 27.02212 26.68788 26.98035 26.56692 26.02475 
      36       37       38       39       40       41       42       43       44       45       46       47       48       49       50       51       52       53 
24.69726 23.57246 22.36018 21.79184 21.01485 20.32367 19.86598 19.21370 17.79933 15.90766 15.00501 13.66445 12.94510 12.62822 12.15247 11.08828 10.89140 10.53825 
>
>
>
>
> # 12. VOUGA 40.5756669, 8.5244008
> AL12=flakeR("AniaL12", 40.5756669, 8.5244008, 2, 1)
 End of calculation, number of time steps:      4384.
 Results are written to:  AniaL12.rslt                  
> with(AL12,tapply(Ts,month,mean)) 
        1         2         3         4         5         6         7         8         9        10        11        12 
 7.451464  8.843019 12.482359 15.914094 20.683476 24.181664 25.958996 25.887624 21.691693 17.447566 12.443063  8.317020 
> AL12$week = format(strptime(time.string, "%Y-%m-%d"),"%W")
> with(AL12,tapply(Ts,week,mean))
       00        01        02        03        04        05        06        07        08        09        10        11        12        13        14        15        16 
 6.778710  7.066935  7.527299  7.883091  7.704112  7.801101  8.435450  9.012920 10.158438 10.816102 11.904928 13.118925 13.115385 14.493732 15.353399 15.163518 16.331494 
       17        18        19        20        21        22        23        24        25        26        27        28        29        30        31        32        33 
18.302780 19.050548 20.120464 21.354440 22.306738 22.874036 22.932994 24.127690 25.561429 26.431577 25.954881 25.108560 26.003411 26.613298 26.490452 25.813619 25.996393 
       34        35        36        37        38        39        40        41        42        43        44        45        46        47        48        49        50 
25.354446 24.684673 23.057583 21.357619 20.000536 19.222214 18.232429 17.846774 16.966185 16.155369 15.123744 12.964393 12.057996 10.577609  9.714374  9.030785  8.446844 
       51        52        53 
 7.384295  7.238219  6.470125 
> 
>
>
>
> # 13. CORGO 41.3106400, 7.7264697
> AL13=flakeR("AniaL13", 41.3106400, 7.7264697, 2, 1)
 End of calculation, number of time steps:      4384.
 Results are written to:  AniaL13.rslt                  
> with(AL13,tapply(Ts,month,mean)) 
        1         2         3         4         5         6         7         8         9        10        11        12 
 8.318148  9.543435 12.647323 15.881376 20.297202 23.518228 24.974391 24.934457 21.148732 17.350194 12.683806  9.164251 
> AL13$week = format(strptime(time.string, "%Y-%m-%d"),"%W")
> with(AL13,tapply(Ts,week,mean))
       00        01        02        03        04        05        06        07        08        09        10        11        12        13        14        15        16 
 7.668617  8.081664  8.465260  8.642085  8.421096  8.687270  9.329183  9.690893 10.604101 10.935642 12.168351 13.367261 13.315196 14.232815 15.150708 15.024060 16.583179 
       17        18        19        20        21        22        23        24        25        26        27        28        29        30        31        32        33 
18.175214 18.888601 19.799435 20.939506 21.751696 22.277607 22.569595 23.542131 24.744595 25.082923 24.625601 24.186673 25.394369 25.744440 25.557810 24.914708 25.079881 
       34        35        36        37        38        39        40        41        42        43        44        45        46        47        48        49        50 
24.370286 23.547565 22.230899 20.941952 19.753185 19.271220 18.159726 17.629030 16.648750 16.188464 15.312381 13.245155 12.228212 10.841454 10.352186 10.066596  9.321535 
       51        52        53 
 8.160198  8.048542  8.132825 
> 
>
>
>
> # 14. TUA 41.4103100, 7.1635797
> AL14=flakeR("AniaL14", 41.4103100, 7.1635797, 2, 1)
 End of calculation, number of time steps:      4384.
 Results are written to:  AniaL14.rslt                  
> with(AL14,tapply(Ts,month,mean)) 
        1         2         3         4         5         6         7         8         9        10        11        12 
 8.318148  9.543435 12.647323 15.881376 20.297202 23.518228 24.974391 24.934457 21.148732 17.350194 12.683806  9.164251 
> AL14$week = format(strptime(time.string, "%Y-%m-%d"),"%W")
> with(AL14,tapply(Ts,week,mean))
       00        01        02        03        04        05        06        07        08        09        10        11        12        13        14        15        16 
 7.668617  8.081664  8.465259  8.642085  8.421096  8.687270  9.329183  9.690893 10.604101 10.935642 12.168351 13.367261 13.315196 14.232815 15.150708 15.024060 16.583179 
       17        18        19        20        21        22        23        24        25        26        27        28        29        30        31        32        33 
18.175214 18.888601 19.799435 20.939506 21.751696 22.277607 22.569595 23.542131 24.744595 25.082923 24.625601 24.186673 25.394369 25.744440 25.557810 24.914708 25.079881 
       34        35        36        37        38        39        40        41        42        43        44        45        46        47        48        49        50 
24.370286 23.547565 22.230899 20.941952 19.753185 19.271220 18.159726 17.629030 16.648750 16.188464 15.312381 13.245155 12.228212 10.841454 10.352186 10.066596  9.321535 
       51        52        53 
 8.160198  8.048542  8.132825 
